%YAML:1.0

R: !!opencv-matrix

   rows: 3

   cols: 3

   dt: d

   data: [ 9.9975845099223370e-001, 5.2938875802891888e-003,

       -2.1331067106374762e-002, -4.9129099555727165e-003,

       9.9982819095220643e-001, 1.7873217197994926e-002,

       2.1422021038591057e-002, -1.7764102328165273e-002,

       9.9961269183774204e-001 ]

T: !!opencv-matrix

   rows: 3

   cols: 1

   dt: d

   data: [ -3.3385294685465094e+000, 4.8752222149133176e-002,

       -1.0621612775973460e-001 ]

R1: !!opencv-matrix

   rows: 3

   cols: 3

   dt: d

   data: [ 9.9989926261613005e-001, -9.8656327048122546e-003,

       1.0204602444634284e-002, 9.7747186679340847e-003,

       9.9991243188225976e-001, 8.9209552329390027e-003,

       -1.0291719714510178e-002, -8.8203094412328143e-003,

       9.9990813710394366e-001 ]

R2: !!opencv-matrix

   rows: 3

   cols: 3

   dt: d

   data: [ 9.9938783533139086e-001, -1.4593963665815494e-002,

       3.1795767267948229e-002, 1.4875488104129789e-002,

       9.9985206173729635e-001, -8.6356524560469196e-003,

       -3.1665035059203130e-002, 9.1033435724789738e-003,

       9.9945707996416788e-001 ]

P1: !!opencv-matrix

   rows: 3

   cols: 4

   dt: d

   data: [ 4.2656306659615905e+002, 0., 3.2185713195800781e+002, 0., 0.,

       4.2656306659615905e+002, 2.4122907447814941e+002, 0., 0., 0., 1.,

       0. ]

P2: !!opencv-matrix

   rows: 3

   cols: 4

   dt: d

   data: [ 4.2656306659615905e+002, 0., 3.2185713195800781e+002,

       -1.4249656816691422e+003, 0., 4.2656306659615905e+002,

       2.4122907447814941e+002, 0., 0., 0., 1., 0. ]

Q: !!opencv-matrix

   rows: 4

   cols: 4

   dt: d

   data: [ 1., 0., 0., -3.2185713195800781e+002, 0., 1., 0.,

       -2.4122907447814941e+002, 0., 0., 0., 4.2656306659615905e+002, 0.,

       0., 2.9934971212534872e-001, 0. ]
