%YAML:1.0

M1: !!opencv-matrix

   rows: 3

   cols: 3

   dt: d

   data: [ 5.3471330014109185e+002, 0., 3.3513862534045768e+002, 0.,

       5.3471330014109185e+002, 2.4020611211645166e+002, 0., 0., 1. ]

D1: !!opencv-matrix

   rows: 1

   cols: 8

   dt: d

   data: [ -2.7456948643916240e-001, -1.8313659599039273e-002, 0., 0.,

       0., 0., 0., -2.4476896026105649e-001 ]

M2: !!opencv-matrix

   rows: 3

   cols: 3

   dt: d

   data: [ 5.3471330014109185e+002, 0., 3.3401539789706163e+002, 0.,

       5.3471330014109185e+002, 2.4159046721727415e+002, 0., 0., 1. ]

D2: !!opencv-matrix

   rows: 1

   cols: 8

   dt: d

   data: [ -2.8073637368771431e-001, 9.3010333965398026e-002, 0., 0., 0.,

       0., 0., 1.6329629641388992e-002 ]
